2019-01-01	1	3	1	1	1	2019	0	0
2019-01-02	1	4	2	1	1	2019	0	0
2019-01-03	1	5	3	1	1	2019	0	0
2019-01-04	1	6	4	1	1	2019	1	0
2019-01-05	1	7	5	1	1	2019	1	0
2019-01-06	1	1	6	1	1	2019	0	0
2019-01-07	2	2	7	1	1	2019	0	0
2019-01-08	2	3	8	1	1	2019	0	0
2019-01-09	2	4	9	1	1	2019	0	0
2019-01-10	2	5	10	1	1	2019	0	0
2019-01-11	2	6	11	1	1	2019	1	0
2019-01-12	2	7	12	1	1	2019	1	0
2019-01-13	2	1	13	1	1	2019	0	0
2019-01-14	3	2	14	1	1	2019	0	0
2019-01-15	3	3	15	1	1	2019	0	0
2019-01-16	3	4	16	1	1	2019	0	0
2019-01-17	3	5	17	1	1	2019	0	0
2019-01-18	3	6	18	1	1	2019	1	0
2019-01-19	3	7	19	1	1	2019	1	0
2019-01-20	3	1	20	1	1	2019	0	0
2019-01-21	4	2	21	1	1	2019	0	0
2019-01-22	4	3	22	1	1	2019	0	0
2019-01-23	4	4	23	1	1	2019	0	0
2019-01-24	4	5	24	1	1	2019	0	0
2019-01-25	4	6	25	1	1	2019	1	0
2019-01-26	4	7	26	1	1	2019	1	0
2019-01-27	4	1	27	1	1	2019	0	0
2019-01-28	5	2	28	1	1	2019	0	0
2019-01-29	5	3	29	1	1	2019	0	0
2019-01-30	5	4	30	1	1	2019	0	0
2019-01-31	5	5	31	1	1	2019	0	0
2019-02-01	5	6	1	2	1	2019	1	0
2019-02-02	5	7	2	2	1	2019	1	0
2019-02-03	5	1	3	2	1	2019	0	0
2019-02-04	6	2	4	2	1	2019	0	0
2019-02-05	6	3	5	2	1	2019	0	0
2019-02-06	6	4	6	2	1	2019	0	0
2019-02-07	6	5	7	2	1	2019	0	0
2019-02-08	6	6	8	2	1	2019	1	0
2019-02-09	6	7	9	2	1	2019	1	0
2019-02-10	6	1	10	2	1	2019	0	0
2019-02-11	7	2	11	2	1	2019	0	0
2019-02-12	7	3	12	2	1	2019	0	0
2019-02-13	7	4	13	2	1	2019	0	0
2019-02-14	7	5	14	2	1	2019	0	0
2019-02-15	7	6	15	2	1	2019	1	0
2019-02-16	7	7	16	2	1	2019	1	0
2019-02-17	7	1	17	2	1	2019	0	0
2019-02-18	8	2	18	2	1	2019	0	0
2019-02-19	8	3	19	2	1	2019	0	0
2019-02-20	8	4	20	2	1	2019	0	0
2019-02-21	8	5	21	2	1	2019	0	0
2019-02-22	8	6	22	2	1	2019	1	0
2019-02-23	8	7	23	2	1	2019	1	0
2019-02-24	8	1	24	2	1	2019	0	0
2019-02-25	9	2	25	2	1	2019	0	0
2019-02-26	9	3	26	2	1	2019	0	0
2019-02-27	9	4	27	2	1	2019	0	0
2019-02-28	9	5	28	2	1	2019	0	0
2019-03-01	9	6	1	3	1	2019	1	0
2019-03-02	9	7	2	3	1	2019	1	0
2019-03-03	9	1	3	3	1	2019	0	0
2019-03-04	10	2	4	3	1	2019	0	0
2019-03-05	10	3	5	3	1	2019	0	0
2019-03-06	10	4	6	3	1	2019	0	0
2019-03-07	10	5	7	3	1	2019	0	0
2019-03-08	10	6	8	3	1	2019	1	0
2019-03-09	10	7	9	3	1	2019	1	0
2019-03-10	10	1	10	3	1	2019	0	0
2019-03-11	11	2	11	3	1	2019	0	0
2019-03-12	11	3	12	3	1	2019	0	0
2019-03-13	11	4	13	3	1	2019	0	0
2019-03-14	11	5	14	3	1	2019	0	0
2019-03-15	11	6	15	3	1	2019	1	0
2019-03-16	11	7	16	3	1	2019	1	0
2019-03-17	11	1	17	3	1	2019	0	0
2019-03-18	12	2	18	3	1	2019	0	0
2019-03-19	12	3	19	3	1	2019	0	0
2019-03-20	12	4	20	3	1	2019	0	0
2019-03-21	12	5	21	3	1	2019	0	0
2019-03-22	12	6	22	3	1	2019	1	0
2019-03-23	12	7	23	3	1	2019	1	0
2019-03-24	12	1	24	3	1	2019	0	0
2019-03-25	13	2	25	3	1	2019	0	0
2019-03-26	13	3	26	3	1	2019	0	0
2019-03-27	13	4	27	3	1	2019	0	0
2019-03-28	13	5	28	3	1	2019	0	0
2019-03-29	13	6	29	3	1	2019	1	0
2019-03-30	13	7	30	3	1	2019	1	0
2019-03-31	13	1	31	3	1	2019	0	0
2019-04-01	14	2	1	4	2	2019	0	0
2019-04-02	14	3	2	4	2	2019	0	0
2019-04-03	14	4	3	4	2	2019	0	0
2019-04-04	14	5	4	4	2	2019	0	0
2019-04-05	14	6	5	4	2	2019	1	0
2019-04-06	14	7	6	4	2	2019	1	0
2019-04-07	14	1	7	4	2	2019	0	0
2019-04-08	15	2	8	4	2	2019	0	0
2019-04-09	15	3	9	4	2	2019	0	0
2019-04-10	15	4	10	4	2	2019	0	0
2019-04-11	15	5	11	4	2	2019	0	0
2019-04-12	15	6	12	4	2	2019	1	0
2019-04-13	15	7	13	4	2	2019	1	0
2019-04-14	15	1	14	4	2	2019	0	0
2019-04-15	16	2	15	4	2	2019	0	0
2019-04-16	16	3	16	4	2	2019	0	0
2019-04-17	16	4	17	4	2	2019	0	0
2019-04-18	16	5	18	4	2	2019	0	0
2019-04-19	16	6	19	4	2	2019	1	0
2019-04-20	16	7	20	4	2	2019	1	0
2019-04-21	16	1	21	4	2	2019	0	0
2019-04-22	17	2	22	4	2	2019	0	0
2019-04-23	17	3	23	4	2	2019	0	0
2019-04-24	17	4	24	4	2	2019	0	0
2019-04-25	17	5	25	4	2	2019	0	0
2019-04-26	17	6	26	4	2	2019	1	0
2019-04-27	17	7	27	4	2	2019	1	0
2019-04-28	17	1	28	4	2	2019	0	0
2019-04-29	18	2	29	4	2	2019	0	0
2019-04-30	18	3	30	4	2	2019	0	0
2019-05-01	18	4	1	5	2	2019	0	0
2019-05-02	18	5	2	5	2	2019	0	0
2019-05-03	18	6	3	5	2	2019	1	0
2019-05-04	18	7	4	5	2	2019	1	0
2019-05-05	18	1	5	5	2	2019	0	0
2019-05-06	19	2	6	5	2	2019	0	0
2019-05-07	19	3	7	5	2	2019	0	0
2019-05-08	19	4	8	5	2	2019	0	0
2019-05-09	19	5	9	5	2	2019	0	0
2019-05-10	19	6	10	5	2	2019	1	0
2019-05-11	19	7	11	5	2	2019	1	0
2019-05-12	19	1	12	5	2	2019	0	0
2019-05-13	20	2	13	5	2	2019	0	0
2019-05-14	20	3	14	5	2	2019	0	0
2019-05-15	20	4	15	5	2	2019	0	0
2019-05-16	20	5	16	5	2	2019	0	0
2019-05-17	20	6	17	5	2	2019	1	0
2019-05-18	20	7	18	5	2	2019	1	0
2019-05-19	20	1	19	5	2	2019	0	0
2019-05-20	21	2	20	5	2	2019	0	0
2019-05-21	21	3	21	5	2	2019	0	0
2019-05-22	21	4	22	5	2	2019	0	0
2019-05-23	21	5	23	5	2	2019	0	0
2019-05-24	21	6	24	5	2	2019	1	0
2019-05-25	21	7	25	5	2	2019	1	0
2019-05-26	21	1	26	5	2	2019	0	0
2019-05-27	22	2	27	5	2	2019	0	0
2019-05-28	22	3	28	5	2	2019	0	0
2019-05-29	22	4	29	5	2	2019	0	0
2019-05-30	22	5	30	5	2	2019	0	0
2019-05-31	22	6	31	5	2	2019	1	0
2019-06-01	22	7	1	6	2	2019	1	0
2019-06-02	22	1	2	6	2	2019	0	0
2019-06-03	23	2	3	6	2	2019	0	0
2019-06-04	23	3	4	6	2	2019	0	0
2019-06-05	23	4	5	6	2	2019	0	0
2019-06-06	23	5	6	6	2	2019	0	0
2019-06-07	23	6	7	6	2	2019	1	0
2019-06-08	23	7	8	6	2	2019	1	0
2019-06-09	23	1	9	6	2	2019	0	0
2019-06-10	24	2	10	6	2	2019	0	0
2019-06-11	24	3	11	6	2	2019	0	0
2019-06-12	24	4	12	6	2	2019	0	0
2019-06-13	24	5	13	6	2	2019	0	0
2019-06-14	24	6	14	6	2	2019	1	0
2019-06-15	24	7	15	6	2	2019	1	0
2019-06-16	24	1	16	6	2	2019	0	0
2019-06-17	25	2	17	6	2	2019	0	0
2019-06-18	25	3	18	6	2	2019	0	0
2019-06-19	25	4	19	6	2	2019	0	0
2019-06-20	25	5	20	6	2	2019	0	0
2019-06-21	25	6	21	6	2	2019	1	0
2019-06-22	25	7	22	6	2	2019	1	0
2019-06-23	25	1	23	6	2	2019	0	0
2019-06-24	26	2	24	6	2	2019	0	0
2019-06-25	26	3	25	6	2	2019	0	0
2019-06-26	26	4	26	6	2	2019	0	0
2019-06-27	26	5	27	6	2	2019	0	0
2019-06-28	26	6	28	6	2	2019	1	0
2019-06-29	26	7	29	6	2	2019	1	0
2019-06-30	26	1	30	6	2	2019	0	0
2019-07-01	27	2	1	7	3	2019	0	0
2019-07-02	27	3	2	7	3	2019	0	0
2019-07-03	27	4	3	7	3	2019	0	0
2019-07-04	27	5	4	7	3	2019	0	0
2019-07-05	27	6	5	7	3	2019	1	0
2019-07-06	27	7	6	7	3	2019	1	0
2019-07-07	27	1	7	7	3	2019	0	0
2019-07-08	28	2	8	7	3	2019	0	0
2019-07-09	28	3	9	7	3	2019	0	0
2019-07-10	28	4	10	7	3	2019	0	0
2019-07-11	28	5	11	7	3	2019	0	0
2019-07-12	28	6	12	7	3	2019	1	0
2019-07-13	28	7	13	7	3	2019	1	0
2019-07-14	28	1	14	7	3	2019	0	0
2019-07-15	29	2	15	7	3	2019	0	0
2019-07-16	29	3	16	7	3	2019	0	0
2019-07-17	29	4	17	7	3	2019	0	0
2019-07-18	29	5	18	7	3	2019	0	0
2019-07-19	29	6	19	7	3	2019	1	0
2019-07-20	29	7	20	7	3	2019	1	0
2019-07-21	29	1	21	7	3	2019	0	0
2019-07-22	30	2	22	7	3	2019	0	0
2019-07-23	30	3	23	7	3	2019	0	0
2019-07-24	30	4	24	7	3	2019	0	0
2019-07-25	30	5	25	7	3	2019	0	0
2019-07-26	30	6	26	7	3	2019	1	0
2019-07-27	30	7	27	7	3	2019	1	0
2019-07-28	30	1	28	7	3	2019	0	0
2019-07-29	31	2	29	7	3	2019	0	0
2019-07-30	31	3	30	7	3	2019	0	0
2019-07-31	31	4	31	7	3	2019	0	0
2019-08-01	31	5	1	8	3	2019	0	0
2019-08-02	31	6	2	8	3	2019	1	0
2019-08-03	31	7	3	8	3	2019	1	0
2019-08-04	31	1	4	8	3	2019	0	0
2019-08-05	32	2	5	8	3	2019	0	0
2019-08-06	32	3	6	8	3	2019	0	0
2019-08-07	32	4	7	8	3	2019	0	0
2019-08-08	32	5	8	8	3	2019	0	0
2019-08-09	32	6	9	8	3	2019	1	0
2019-08-10	32	7	10	8	3	2019	1	0
2019-08-11	32	1	11	8	3	2019	0	0
2019-08-12	33	2	12	8	3	2019	0	0
2019-08-13	33	3	13	8	3	2019	0	0
2019-08-14	33	4	14	8	3	2019	0	0
2019-08-15	33	5	15	8	3	2019	0	0
2019-08-16	33	6	16	8	3	2019	1	0
2019-08-17	33	7	17	8	3	2019	1	0
2019-08-18	33	1	18	8	3	2019	0	0
2019-08-19	34	2	19	8	3	2019	0	0
2019-08-20	34	3	20	8	3	2019	0	0
2019-08-21	34	4	21	8	3	2019	0	0
2019-08-22	34	5	22	8	3	2019	0	0
2019-08-23	34	6	23	8	3	2019	1	0
2019-08-24	34	7	24	8	3	2019	1	0
2019-08-25	34	1	25	8	3	2019	0	0
2019-08-26	35	2	26	8	3	2019	0	0
2019-08-27	35	3	27	8	3	2019	0	0
2019-08-28	35	4	28	8	3	2019	0	0
2019-08-29	35	5	29	8	3	2019	0	0
2019-08-30	35	6	30	8	3	2019	1	0
2019-08-31	35	7	31	8	3	2019	1	0
2019-09-01	35	1	1	9	3	2019	0	0
2019-09-02	36	2	2	9	3	2019	0	0
2019-09-03	36	3	3	9	3	2019	0	0
2019-09-04	36	4	4	9	3	2019	0	0
2019-09-05	36	5	5	9	3	2019	0	0
2019-09-06	36	6	6	9	3	2019	1	0
2019-09-07	36	7	7	9	3	2019	1	0
2019-09-08	36	1	8	9	3	2019	0	0
2019-09-09	37	2	9	9	3	2019	0	0
2019-09-10	37	3	10	9	3	2019	0	0
2019-09-11	37	4	11	9	3	2019	0	0
2019-09-12	37	5	12	9	3	2019	0	0
2019-09-13	37	6	13	9	3	2019	1	0
2019-09-14	37	7	14	9	3	2019	1	0
2019-09-15	37	1	15	9	3	2019	0	0
2019-09-16	38	2	16	9	3	2019	0	0
2019-09-17	38	3	17	9	3	2019	0	0
2019-09-18	38	4	18	9	3	2019	0	0
2019-09-19	38	5	19	9	3	2019	0	0
2019-09-20	38	6	20	9	3	2019	1	0
2019-09-21	38	7	21	9	3	2019	1	0
2019-09-22	38	1	22	9	3	2019	0	0
2019-09-23	39	2	23	9	3	2019	0	0
2019-09-24	39	3	24	9	3	2019	0	0
2019-09-25	39	4	25	9	3	2019	0	0
2019-09-26	39	5	26	9	3	2019	0	0
2019-09-27	39	6	27	9	3	2019	1	0
2019-09-28	39	7	28	9	3	2019	1	0
2019-09-29	39	1	29	9	3	2019	0	0
2019-09-30	40	2	30	9	3	2019	0	0
2019-10-01	40	3	1	10	4	2019	0	0
2019-10-02	40	4	2	10	4	2019	0	0
2019-10-03	40	5	3	10	4	2019	0	0
2019-10-04	40	6	4	10	4	2019	1	0
2019-10-05	40	7	5	10	4	2019	1	0
2019-10-06	40	1	6	10	4	2019	0	0
2019-10-07	41	2	7	10	4	2019	0	0
2019-10-08	41	3	8	10	4	2019	0	0
2019-10-09	41	4	9	10	4	2019	0	0
2019-10-10	41	5	10	10	4	2019	0	0
2019-10-11	41	6	11	10	4	2019	1	0
2019-10-12	41	7	12	10	4	2019	1	0
2019-10-13	41	1	13	10	4	2019	0	0
2019-10-14	42	2	14	10	4	2019	0	0
2019-10-15	42	3	15	10	4	2019	0	0
2019-10-16	42	4	16	10	4	2019	0	0
2019-10-17	42	5	17	10	4	2019	0	0
2019-10-18	42	6	18	10	4	2019	1	0
2019-10-19	42	7	19	10	4	2019	1	0
2019-10-20	42	1	20	10	4	2019	0	0
2019-10-21	43	2	21	10	4	2019	0	0
2019-10-22	43	3	22	10	4	2019	0	0
2019-10-23	43	4	23	10	4	2019	0	0
2019-10-24	43	5	24	10	4	2019	0	0
2019-10-25	43	6	25	10	4	2019	1	0
2019-10-26	43	7	26	10	4	2019	1	0
2019-10-27	43	1	27	10	4	2019	0	0
2019-10-28	44	2	28	10	4	2019	0	0
2019-10-29	44	3	29	10	4	2019	0	0
2019-10-30	44	4	30	10	4	2019	0	0
2019-10-31	44	5	31	10	4	2019	0	0
2019-11-01	44	6	1	11	4	2019	1	0
2019-11-02	44	7	2	11	4	2019	1	0
2019-11-03	44	1	3	11	4	2019	0	0
2019-11-04	45	2	4	11	4	2019	0	0
2019-11-05	45	3	5	11	4	2019	0	0
2019-11-06	45	4	6	11	4	2019	0	0
2019-11-07	45	5	7	11	4	2019	0	0
2019-11-08	45	6	8	11	4	2019	1	0
2019-11-09	45	7	9	11	4	2019	1	0
2019-11-10	45	1	10	11	4	2019	0	0
2019-11-11	46	2	11	11	4	2019	0	0
2019-11-12	46	3	12	11	4	2019	0	0
2019-11-13	46	4	13	11	4	2019	0	0
2019-11-14	46	5	14	11	4	2019	0	0
2019-11-15	46	6	15	11	4	2019	1	0
2019-11-16	46	7	16	11	4	2019	1	0
2019-11-17	46	1	17	11	4	2019	0	0
2019-11-18	47	2	18	11	4	2019	0	0
2019-11-19	47	3	19	11	4	2019	0	0
2019-11-20	47	4	20	11	4	2019	0	0
2019-11-21	47	5	21	11	4	2019	0	0
2019-11-22	47	6	22	11	4	2019	1	0
2019-11-23	47	7	23	11	4	2019	1	0
2019-11-24	47	1	24	11	4	2019	0	0
2019-11-25	48	2	25	11	4	2019	0	0
2019-11-26	48	3	26	11	4	2019	0	0
2019-11-27	48	4	27	11	4	2019	0	0
2019-11-28	48	5	28	11	4	2019	0	0
2019-11-29	48	6	29	11	4	2019	1	0
2019-11-30	48	7	30	11	4	2019	1	0
2019-12-01	48	1	1	12	4	2019	0	0
2019-12-02	49	2	2	12	4	2019	0	0
2019-12-03	49	3	3	12	4	2019	0	0
2019-12-04	49	4	4	12	4	2019	0	0
2019-12-05	49	5	5	12	4	2019	0	0
2019-12-06	49	6	6	12	4	2019	1	0
2019-12-07	49	7	7	12	4	2019	1	0
2019-12-08	49	1	8	12	4	2019	0	0
2019-12-09	50	2	9	12	4	2019	0	0
2019-12-10	50	3	10	12	4	2019	0	0
2019-12-11	50	4	11	12	4	2019	0	0
2019-12-12	50	5	12	12	4	2019	0	0
2019-12-13	50	6	13	12	4	2019	1	0
2019-12-14	50	7	14	12	4	2019	1	0
2019-12-15	50	1	15	12	4	2019	0	0
2019-12-16	51	2	16	12	4	2019	0	0
2019-12-17	51	3	17	12	4	2019	0	0
2019-12-18	51	4	18	12	4	2019	0	0
2019-12-19	51	5	19	12	4	2019	0	0
2019-12-20	51	6	20	12	4	2019	1	0
2019-12-21	51	7	21	12	4	2019	1	0
2019-12-22	51	1	22	12	4	2019	0	0
2019-12-23	52	2	23	12	4	2019	0	0
2019-12-24	52	3	24	12	4	2019	0	0
2019-12-25	52	4	25	12	4	2019	0	0
2019-12-26	52	5	26	12	4	2019	0	0
2019-12-27	52	6	27	12	4	2019	1	0
2019-12-28	52	7	28	12	4	2019	1	0
2019-12-29	52	1	29	12	4	2019	0	0
2019-12-30	1	2	30	12	4	2019	0	0
2019-12-31	1	3	31	12	4	2019	0	0
2020-01-01	1	4	1	1	1	2020	0	1
2020-01-02	1	5	2	1	1	2020	0	0
2020-01-03	1	6	3	1	1	2020	1	0
2020-01-04	1	7	4	1	1	2020	1	0
2020-01-05	1	1	5	1	1	2020	0	0
2020-01-06	2	2	6	1	1	2020	0	0
2020-01-07	2	3	7	1	1	2020	0	0
2020-01-08	2	4	8	1	1	2020	0	0
2020-01-09	2	5	9	1	1	2020	0	0
2020-01-10	2	6	10	1	1	2020	1	0
2020-01-11	2	7	11	1	1	2020	1	0
2020-01-12	2	1	12	1	1	2020	0	0
2020-01-13	3	2	13	1	1	2020	0	0
2020-01-14	3	3	14	1	1	2020	0	0
2020-01-15	3	4	15	1	1	2020	0	0
2020-01-16	3	5	16	1	1	2020	0	0
2020-01-17	3	6	17	1	1	2020	1	0
2020-01-18	3	7	18	1	1	2020	1	0
2020-01-19	3	1	19	1	1	2020	0	2
2020-01-20	4	2	20	1	1	2020	0	2
2020-01-21	4	3	21	1	1	2020	0	2
2020-01-22	4	4	22	1	1	2020	0	2
2020-01-23	4	5	23	1	1	2020	0	2
2020-01-24	4	6	24	1	1	2020	1	2
2020-01-25	4	7	25	1	1	2020	1	2
2020-01-26	4	1	26	1	1	2020	0	2
2020-01-27	5	2	27	1	1	2020	0	2
2020-01-28	5	3	28	1	1	2020	0	2
2020-01-29	5	4	29	1	1	2020	0	2
2020-01-30	5	5	30	1	1	2020	0	2
2020-01-31	5	6	31	1	1	2020	1	2
2020-02-01	5	7	1	2	1	2020	1	2
2020-02-02	5	1	2	2	1	2020	0	0
2020-02-03	6	2	3	2	1	2020	0	0
2020-02-04	6	3	4	2	1	2020	0	0
2020-02-05	6	4	5	2	1	2020	0	0
2020-02-06	6	5	6	2	1	2020	0	0
2020-02-07	6	6	7	2	1	2020	1	0
2020-02-08	6	7	8	2	1	2020	1	0
2020-02-09	6	1	9	2	1	2020	0	0
2020-02-10	7	2	10	2	1	2020	0	0
2020-02-11	7	3	11	2	1	2020	0	0
2020-02-12	7	4	12	2	1	2020	0	0
2020-02-13	7	5	13	2	1	2020	0	0
2020-02-14	7	6	14	2	1	2020	1	0
2020-02-15	7	7	15	2	1	2020	1	0
2020-02-16	7	1	16	2	1	2020	0	0
2020-02-17	8	2	17	2	1	2020	0	0
2020-02-18	8	3	18	2	1	2020	0	0
2020-02-19	8	4	19	2	1	2020	0	0
2020-02-20	8	5	20	2	1	2020	0	0
2020-02-21	8	6	21	2	1	2020	1	0
2020-02-22	8	7	22	2	1	2020	1	0
2020-02-23	8	1	23	2	1	2020	0	0
2020-02-24	9	2	24	2	1	2020	0	0
2020-02-25	9	3	25	2	1	2020	0	0
2020-02-26	9	4	26	2	1	2020	0	0
2020-02-27	9	5	27	2	1	2020	0	0
2020-02-28	9	6	28	2	1	2020	1	0
2020-02-29	9	7	29	2	1	2020	1	0
2020-03-01	9	1	1	3	1	2020	0	0
2020-03-02	10	2	2	3	1	2020	0	0
2020-03-03	10	3	3	3	1	2020	0	0
2020-03-04	10	4	4	3	1	2020	0	0
2020-03-05	10	5	5	3	1	2020	0	0
2020-03-06	10	6	6	3	1	2020	1	0
2020-03-07	10	7	7	3	1	2020	1	0
2020-03-08	10	1	8	3	1	2020	0	0
2020-03-09	11	2	9	3	1	2020	0	0
2020-03-10	11	3	10	3	1	2020	0	0
2020-03-11	11	4	11	3	1	2020	0	0
2020-03-12	11	5	12	3	1	2020	0	0
2020-03-13	11	6	13	3	1	2020	1	0
2020-03-14	11	7	14	3	1	2020	1	0
2020-03-15	11	1	15	3	1	2020	0	0
2020-03-16	12	2	16	3	1	2020	0	0
2020-03-17	12	3	17	3	1	2020	0	0
2020-03-18	12	4	18	3	1	2020	0	0
2020-03-19	12	5	19	3	1	2020	0	0
2020-03-20	12	6	20	3	1	2020	1	0
2020-03-21	12	7	21	3	1	2020	1	0
2020-03-22	12	1	22	3	1	2020	0	0
2020-03-23	13	2	23	3	1	2020	0	0
2020-03-24	13	3	24	3	1	2020	0	0
2020-03-25	13	4	25	3	1	2020	0	0
2020-03-26	13	5	26	3	1	2020	0	0
2020-03-27	13	6	27	3	1	2020	1	0
2020-03-28	13	7	28	3	1	2020	1	0
2020-03-29	13	1	29	3	1	2020	0	0
2020-03-30	14	2	30	3	1	2020	0	0
2020-03-31	14	3	31	3	1	2020	0	0
2020-04-01	14	4	1	4	2	2020	0	0
2020-04-02	14	5	2	4	2	2020	0	0
2020-04-03	14	6	3	4	2	2020	1	0
2020-04-04	14	7	4	4	2	2020	1	3
2020-04-05	14	1	5	4	2	2020	0	3
2020-04-06	15	2	6	4	2	2020	0	3
2020-04-07	15	3	7	4	2	2020	0	0
2020-04-08	15	4	8	4	2	2020	0	0
2020-04-09	15	5	9	4	2	2020	0	0
2020-04-10	15	6	10	4	2	2020	1	0
2020-04-11	15	7	11	4	2	2020	1	0
2020-04-12	15	1	12	4	2	2020	0	0
2020-04-13	16	2	13	4	2	2020	0	0
2020-04-14	16	3	14	4	2	2020	0	0
2020-04-15	16	4	15	4	2	2020	0	0
2020-04-16	16	5	16	4	2	2020	0	0
2020-04-17	16	6	17	4	2	2020	1	0
2020-04-18	16	7	18	4	2	2020	1	0
2020-04-19	16	1	19	4	2	2020	0	0
2020-04-20	17	2	20	4	2	2020	0	0
2020-04-21	17	3	21	4	2	2020	0	0
2020-04-22	17	4	22	4	2	2020	0	0
2020-04-23	17	5	23	4	2	2020	0	0
2020-04-24	17	6	24	4	2	2020	1	0
2020-04-25	17	7	25	4	2	2020	1	0
2020-04-26	17	1	26	4	2	2020	0	0
2020-04-27	18	2	27	4	2	2020	0	0
2020-04-28	18	3	28	4	2	2020	0	0
2020-04-29	18	4	29	4	2	2020	0	0
2020-04-30	18	5	30	4	2	2020	0	0
2020-05-01	18	6	1	5	2	2020	1	4
2020-05-02	18	7	2	5	2	2020	1	4
2020-05-03	18	1	3	5	2	2020	0	4
2020-05-04	19	2	4	5	2	2020	0	4
2020-05-05	19	3	5	5	2	2020	0	4
2020-05-06	19	4	6	5	2	2020	0	0
2020-05-07	19	5	7	5	2	2020	0	0
2020-05-08	19	6	8	5	2	2020	1	0
2020-05-09	19	7	9	5	2	2020	1	0
2020-05-10	19	1	10	5	2	2020	0	0
2020-05-11	20	2	11	5	2	2020	0	0
2020-05-12	20	3	12	5	2	2020	0	0
2020-05-13	20	4	13	5	2	2020	0	0
2020-05-14	20	5	14	5	2	2020	0	0
2020-05-15	20	6	15	5	2	2020	1	0
2020-05-16	20	7	16	5	2	2020	1	0
2020-05-17	20	1	17	5	2	2020	0	0
2020-05-18	21	2	18	5	2	2020	0	0
2020-05-19	21	3	19	5	2	2020	0	0
2020-05-20	21	4	20	5	2	2020	0	0
2020-05-21	21	5	21	5	2	2020	0	0
2020-05-22	21	6	22	5	2	2020	1	0
2020-05-23	21	7	23	5	2	2020	1	0
2020-05-24	21	1	24	5	2	2020	0	0
2020-05-25	22	2	25	5	2	2020	0	0
2020-05-26	22	3	26	5	2	2020	0	0
2020-05-27	22	4	27	5	2	2020	0	0
2020-05-28	22	5	28	5	2	2020	0	0
2020-05-29	22	6	29	5	2	2020	1	0
2020-05-30	22	7	30	5	2	2020	1	0
2020-05-31	22	1	31	5	2	2020	0	0
2020-06-01	23	2	1	6	2	2020	0	0
2020-06-02	23	3	2	6	2	2020	0	0
2020-06-03	23	4	3	6	2	2020	0	0
2020-06-04	23	5	4	6	2	2020	0	0
2020-06-05	23	6	5	6	2	2020	1	0
2020-06-06	23	7	6	6	2	2020	1	0
2020-06-07	23	1	7	6	2	2020	0	0
2020-06-08	24	2	8	6	2	2020	0	0
2020-06-09	24	3	9	6	2	2020	0	0
2020-06-10	24	4	10	6	2	2020	0	0
2020-06-11	24	5	11	6	2	2020	0	0
2020-06-12	24	6	12	6	2	2020	1	0
2020-06-13	24	7	13	6	2	2020	1	0
2020-06-14	24	1	14	6	2	2020	0	0
2020-06-15	25	2	15	6	2	2020	0	0
2020-06-16	25	3	16	6	2	2020	0	0
2020-06-17	25	4	17	6	2	2020	0	0
2020-06-18	25	5	18	6	2	2020	0	0
2020-06-19	25	6	19	6	2	2020	1	0
2020-06-20	25	7	20	6	2	2020	1	0
2020-06-21	25	1	21	6	2	2020	0	0
2020-06-22	26	2	22	6	2	2020	0	0
2020-06-23	26	3	23	6	2	2020	0	0
2020-06-24	26	4	24	6	2	2020	0	0
2020-06-25	26	5	25	6	2	2020	0	5
2020-06-26	26	6	26	6	2	2020	1	5
2020-06-27	26	7	27	6	2	2020	1	5
2020-06-28	26	1	28	6	2	2020	0	0
2020-06-29	27	2	29	6	2	2020	0	0
2020-06-30	27	3	30	6	2	2020	0	0
2020-07-01	27	4	1	7	3	2020	0	0
2020-07-02	27	5	2	7	3	2020	0	0
2020-07-03	27	6	3	7	3	2020	1	0
2020-07-04	27	7	4	7	3	2020	1	0
2020-07-05	27	1	5	7	3	2020	0	0
2020-07-06	28	2	6	7	3	2020	0	0
2020-07-07	28	3	7	7	3	2020	0	0
2020-07-08	28	4	8	7	3	2020	0	0
2020-07-09	28	5	9	7	3	2020	0	0
2020-07-10	28	6	10	7	3	2020	1	0
2020-07-11	28	7	11	7	3	2020	1	0
2020-07-12	28	1	12	7	3	2020	0	0
2020-07-13	29	2	13	7	3	2020	0	0
2020-07-14	29	3	14	7	3	2020	0	0
2020-07-15	29	4	15	7	3	2020	0	0
2020-07-16	29	5	16	7	3	2020	0	0
2020-07-17	29	6	17	7	3	2020	1	0
2020-07-18	29	7	18	7	3	2020	1	0
2020-07-19	29	1	19	7	3	2020	0	0
2020-07-20	30	2	20	7	3	2020	0	0
2020-07-21	30	3	21	7	3	2020	0	0
2020-07-22	30	4	22	7	3	2020	0	0
2020-07-23	30	5	23	7	3	2020	0	0
2020-07-24	30	6	24	7	3	2020	1	0
2020-07-25	30	7	25	7	3	2020	1	0
2020-07-26	30	1	26	7	3	2020	0	0
2020-07-27	31	2	27	7	3	2020	0	0
2020-07-28	31	3	28	7	3	2020	0	0
2020-07-29	31	4	29	7	3	2020	0	0
2020-07-30	31	5	30	7	3	2020	0	0
2020-07-31	31	6	31	7	3	2020	1	0
2020-08-01	31	7	1	8	3	2020	1	0
2020-08-02	31	1	2	8	3	2020	0	0
2020-08-03	32	2	3	8	3	2020	0	0
2020-08-04	32	3	4	8	3	2020	0	0
2020-08-05	32	4	5	8	3	2020	0	0
2020-08-06	32	5	6	8	3	2020	0	0
2020-08-07	32	6	7	8	3	2020	1	0
2020-08-08	32	7	8	8	3	2020	1	0
2020-08-09	32	1	9	8	3	2020	0	0
2020-08-10	33	2	10	8	3	2020	0	0
2020-08-11	33	3	11	8	3	2020	0	0
2020-08-12	33	4	12	8	3	2020	0	0
2020-08-13	33	5	13	8	3	2020	0	0
2020-08-14	33	6	14	8	3	2020	1	0
2020-08-15	33	7	15	8	3	2020	1	0
2020-08-16	33	1	16	8	3	2020	0	0
2020-08-17	34	2	17	8	3	2020	0	0
2020-08-18	34	3	18	8	3	2020	0	0
2020-08-19	34	4	19	8	3	2020	0	0
2020-08-20	34	5	20	8	3	2020	0	0
2020-08-21	34	6	21	8	3	2020	1	0
2020-08-22	34	7	22	8	3	2020	1	0
2020-08-23	34	1	23	8	3	2020	0	0
2020-08-24	35	2	24	8	3	2020	0	0
2020-08-25	35	3	25	8	3	2020	0	0
2020-08-26	35	4	26	8	3	2020	0	0
2020-08-27	35	5	27	8	3	2020	0	0
2020-08-28	35	6	28	8	3	2020	1	0
2020-08-29	35	7	29	8	3	2020	1	0
2020-08-30	35	1	30	8	3	2020	0	0
2020-08-31	36	2	31	8	3	2020	0	0
2020-09-01	36	3	1	9	3	2020	0	0
2020-09-02	36	4	2	9	3	2020	0	0
2020-09-03	36	5	3	9	3	2020	0	0
2020-09-04	36	6	4	9	3	2020	1	0
2020-09-05	36	7	5	9	3	2020	1	0
2020-09-06	36	1	6	9	3	2020	0	0
2020-09-07	37	2	7	9	3	2020	0	0
2020-09-08	37	3	8	9	3	2020	0	0
2020-09-09	37	4	9	9	3	2020	0	0
2020-09-10	37	5	10	9	3	2020	0	0
2020-09-11	37	6	11	9	3	2020	1	0
2020-09-12	37	7	12	9	3	2020	1	0
2020-09-13	37	1	13	9	3	2020	0	0
2020-09-14	38	2	14	9	3	2020	0	0
2020-09-15	38	3	15	9	3	2020	0	0
2020-09-16	38	4	16	9	3	2020	0	0
2020-09-17	38	5	17	9	3	2020	0	0
2020-09-18	38	6	18	9	3	2020	1	0
2020-09-19	38	7	19	9	3	2020	1	0
2020-09-20	38	1	20	9	3	2020	0	0
2020-09-21	39	2	21	9	3	2020	0	0
2020-09-22	39	3	22	9	3	2020	0	0
2020-09-23	39	4	23	9	3	2020	0	0
2020-09-24	39	5	24	9	3	2020	0	0
2020-09-25	39	6	25	9	3	2020	1	0
2020-09-26	39	7	26	9	3	2020	1	0
2020-09-27	39	1	27	9	3	2020	0	0
2020-09-28	40	2	28	9	3	2020	0	0
2020-09-29	40	3	29	9	3	2020	0	0
2020-09-30	40	4	30	9	3	2020	0	0
2020-10-01	40	5	1	10	4	2020	0	7
2020-10-02	40	6	2	10	4	2020	1	7
2020-10-03	40	7	3	10	4	2020	1	7
2020-10-04	40	1	4	10	4	2020	0	7
2020-10-05	41	2	5	10	4	2020	0	7
2020-10-06	41	3	6	10	4	2020	0	7
2020-10-07	41	4	7	10	4	2020	0	7
2020-10-08	41	5	8	10	4	2020	0	7
2020-10-09	41	6	9	10	4	2020	1	0
2020-10-10	41	7	10	10	4	2020	1	0
2020-10-11	41	1	11	10	4	2020	0	0
2020-10-12	42	2	12	10	4	2020	0	0
2020-10-13	42	3	13	10	4	2020	0	0
2020-10-14	42	4	14	10	4	2020	0	0
2020-10-15	42	5	15	10	4	2020	0	0
2020-10-16	42	6	16	10	4	2020	1	0
2020-10-17	42	7	17	10	4	2020	1	0
2020-10-18	42	1	18	10	4	2020	0	0
2020-10-19	43	2	19	10	4	2020	0	0
2020-10-20	43	3	20	10	4	2020	0	0
2020-10-21	43	4	21	10	4	2020	0	0
2020-10-22	43	5	22	10	4	2020	0	0
2020-10-23	43	6	23	10	4	2020	1	0
2020-10-24	43	7	24	10	4	2020	1	0
2020-10-25	43	1	25	10	4	2020	0	0
2020-10-26	44	2	26	10	4	2020	0	0
2020-10-27	44	3	27	10	4	2020	0	0
2020-10-28	44	4	28	10	4	2020	0	0
2020-10-29	44	5	29	10	4	2020	0	0
2020-10-30	44	6	30	10	4	2020	1	0
2020-10-31	44	7	31	10	4	2020	1	0
2020-11-01	44	1	1	11	4	2020	0	0
2020-11-02	45	2	2	11	4	2020	0	0
2020-11-03	45	3	3	11	4	2020	0	0
2020-11-04	45	4	4	11	4	2020	0	0
2020-11-05	45	5	5	11	4	2020	0	0
2020-11-06	45	6	6	11	4	2020	1	0
2020-11-07	45	7	7	11	4	2020	1	0
2020-11-08	45	1	8	11	4	2020	0	0
2020-11-09	46	2	9	11	4	2020	0	0
2020-11-10	46	3	10	11	4	2020	0	0
2020-11-11	46	4	11	11	4	2020	0	0
2020-11-12	46	5	12	11	4	2020	0	0
2020-11-13	46	6	13	11	4	2020	1	0
2020-11-14	46	7	14	11	4	2020	1	0
2020-11-15	46	1	15	11	4	2020	0	0
2020-11-16	47	2	16	11	4	2020	0	0
2020-11-17	47	3	17	11	4	2020	0	0
2020-11-18	47	4	18	11	4	2020	0	0
2020-11-19	47	5	19	11	4	2020	0	0
2020-11-20	47	6	20	11	4	2020	1	0
2020-11-21	47	7	21	11	4	2020	1	0
2020-11-22	47	1	22	11	4	2020	0	0
2020-11-23	48	2	23	11	4	2020	0	0
2020-11-24	48	3	24	11	4	2020	0	0
2020-11-25	48	4	25	11	4	2020	0	0
2020-11-26	48	5	26	11	4	2020	0	0
2020-11-27	48	6	27	11	4	2020	1	0
2020-11-28	48	7	28	11	4	2020	1	0
2020-11-29	48	1	29	11	4	2020	0	0
2020-11-30	49	2	30	11	4	2020	0	0
2020-12-01	49	3	1	12	4	2020	0	0
2020-12-02	49	4	2	12	4	2020	0	0
2020-12-03	49	5	3	12	4	2020	0	0
2020-12-04	49	6	4	12	4	2020	1	0
2020-12-05	49	7	5	12	4	2020	1	0
2020-12-06	49	1	6	12	4	2020	0	0
2020-12-07	50	2	7	12	4	2020	0	0
2020-12-08	50	3	8	12	4	2020	0	0
2020-12-09	50	4	9	12	4	2020	0	0
2020-12-10	50	5	10	12	4	2020	0	0
2020-12-11	50	6	11	12	4	2020	1	0
2020-12-12	50	7	12	12	4	2020	1	0
2020-12-13	50	1	13	12	4	2020	0	0
2020-12-14	51	2	14	12	4	2020	0	0
2020-12-15	51	3	15	12	4	2020	0	0
2020-12-16	51	4	16	12	4	2020	0	0
2020-12-17	51	5	17	12	4	2020	0	0
2020-12-18	51	6	18	12	4	2020	1	0
2020-12-19	51	7	19	12	4	2020	1	0
2020-12-20	51	1	20	12	4	2020	0	0
2020-12-21	52	2	21	12	4	2020	0	0
2020-12-22	52	3	22	12	4	2020	0	0
2020-12-23	52	4	23	12	4	2020	0	0
2020-12-24	52	5	24	12	4	2020	0	0
2020-12-25	52	6	25	12	4	2020	1	0
2020-12-26	52	7	26	12	4	2020	1	0
2020-12-27	52	1	27	12	4	2020	0	0
2020-12-28	53	2	28	12	4	2020	0	0
2020-12-29	53	3	29	12	4	2020	0	0
2020-12-30	53	4	30	12	4	2020	0	0
2020-12-31	53	5	31	12	4	2020	0	0
